1.853326
0.000295 24.343243
2.903474 0.000635 86.819027
0.000100 29.169139 1.496885 3.993176
0.000100 49.045246 0.928104 7.064858 4.038181
1.091337 0.000130 1.103209 78.700209 0.000100 15.177006
3.690085 6.992987 6.043859 9.218769 1.407896 0.000100 4.780247
0.000100 36.826595 29.300945 8.482668 19.210805 79.622730 0.000100 0.000100
2.379195 0.000100 0.383922 0.233987 0.386002 0.000100 0.000100 0.000100 0.078696
0.169253 3.523251 0.183326 0.000100 0.000100 1.230097 0.000100 0.007496 0.949872 8.112502
0.000100 4.524552 68.520566 13.500989 0.000111 27.207304 20.285834 0.000100 1.861201 0.260907 0.534588
6.298190 0.000100 0.000100 0.000100 0.000100 0.368363 0.000100 0.142541 0.099383 15.658657 20.222275 1.104550
0.215278 0.000100 0.000100 0.562610 1.723777 0.147560 0.000100 0.035535 0.248265 0.887913 14.008704 0.139980 0.000100
1.282204 8.656962 0.000100 2.050647 0.210888 14.698933 0.000100 0.000100 4.002106 0.033442 2.812970 2.309675 0.000100 1.559831
17.893404 6.182291 59.534465 7.608402 63.628423 1.396549 0.028734 9.138132 1.049201 0.367340 2.806240 0.492856 0.100581 7.190611 16.183288
57.611645 0.000100 6.280813 0.188983 0.000100 0.789322 0.000100 0.000100 1.193870 24.656084 1.097595 2.915776 42.149081 0.145066 3.132617 22.794235
0.000100 32.925403 0.000100 0.000100 6.881723 0.343013 0.000100 0.315030 0.000100 0.000100 0.191211 0.000100 0.124282 0.000100 0.000100 0.236098 0.000100
0.000100 13.086852 4.095462 6.762613 55.138906 13.066642 0.000100 0.154150 100.000000 0.165785 0.139473 0.000100 0.061154 25.836986 0.176205 3.163143 0.297528 0.594403
30.596868 0.000100 0.000100 0.985961 0.000100 0.000100 0.959556 0.315196 0.097423 100.000000 4.228869 0.000100 41.958508 0.662406 0.000140 0.110617 15.876742 0.000100 0.234116

0.099288 0.002371 0.014236 0.004119 0.009090 0.010783 0.011178 0.057695 0.019518 0.100756 0.234721 0.008111 0.050265 0.077757 0.040425 0.072407 0.085330 0.031604 0.025300 0.045045
