0.141858
0.202217 0.666003
0.405023 0.169164 22.885646
2.397041 12.824478 0.998264 0.481677
0.069011 10.096944 0.253075 0.082659 0.000100
0.961188 0.000100 0.190833 14.224351 0.000100 3.359679
4.077092 1.379616 4.167668 4.882896 5.842938 0.087588 3.622309
0.000100 11.792322 9.065915 1.213959 20.104999 21.160499 0.064756 0.035749
4.274645 0.000100 0.666626 0.017569 0.571310 0.000100 0.000100 0.019190 0.084832
0.601849 0.397190 0.000100 0.000100 0.376103 1.987411 0.000100 0.000100 1.278331 10.346770
0.023415 0.139620 7.589344 0.000100 0.000100 6.221092 5.215951 0.411681 0.049187 0.000100 0.061691
6.173391 0.000100 0.103824 0.000100 0.000100 0.464045 0.000100 0.000100 0.000100 21.173978 20.441678 1.944180
0.169017 0.000100 0.019641 0.000100 4.875785 0.000100 0.000100 0.000100 0.954745 2.635933 23.419798 0.000100 0.000100
1.417414 0.762481 0.000100 0.000100 0.834533 5.787929 0.000100 0.000100 5.207921 0.000100 6.020330 0.139770 0.205538 0.633130
14.030281 0.227501 19.485444 0.742345 17.977703 0.908412 0.146250 8.555506 3.162828 0.077517 3.968066 0.520156 0.814959 6.420566 17.322136
41.466921 0.033436 4.710785 0.090233 0.538095 0.263909 0.059274 0.000100 0.547895 21.601976 0.890172 1.261223 29.151687 0.186143 4.651759 16.550329
0.000100 1.796316 0.000100 0.000100 6.840721 1.085039 0.000100 0.257859 0.000100 0.000100 0.596388 0.000100 0.303185 0.000100 0.000100 0.315166 0.000100
0.000100 0.004044 1.774271 0.293189 37.305555 0.300691 0.120688 0.000100 65.207430 0.105147 0.337569 0.097325 0.000100 30.458114 0.065079 2.566851 0.090702 0.977146
21.912210 0.000100 0.000100 0.352372 0.000100 0.130826 0.662368 0.389223 0.000100 100.000000 3.072667 0.126610 43.094671 0.672095 0.374518 0.000100 8.714018 0.000100 0.234116

0.057905 0.035589 0.057933 0.030167 0.005202 0.043148 0.039093 0.048416 0.040609 0.056825 0.115368 0.040963 0.038517 0.035456 0.083697 0.079129 0.102992 0.024765 0.031929 0.032296
