4.227201453                   
0.341708346 0                  
2.484236398 2.378298707 28.26092307                 
1.87335748 1.93143107 0.819674036 0                
0.86995799 30.60857696 8.659956441 0 0               
1.957305625 6.558421311 0 46.25099847 0 37.79493642              
6.654246252 6.131602448 0 7.370610213 2.593805743 0.301118272 9.485170026             
1.128459715 26.46826363 8.558310284 8.888481954 1.804597464 35.40753768 0 0.260406812            
1.169626067 0.712567405 0.604808479 0.314070593 0.510117021 0.192475326 0 0.368054017 0.499330857           
0.8305501 1.035521119 0.549326937 0 1.01930822 2.237681085 0 0 0.241880111 4.666512613          
1.407738033 100 17.61606193 6.652962464 0 12.23108277 0 0 0 0 0.181045401         
0.948526812 12.07743537 1.618580419 1.120682221 0.455056267 2.060411727 0 0.393992708 0.59391231 13.51474573 9.332036921 3.556311632        
0.853414282 0 0.231155478 0 6.628800878 0 0 0.225070063 0 2.373651648 6.559183559 0 1.026640199       
4.130649406 0.814162148 1.382078804 1.43539781 0 4.398383832 0 1.177483426 0 0.430062717 2.890523747 0 0 0      
11.010459 1.863295578 10.12170404 0 12.8055123 2.818520935 2.415712255 4.927623503 0 1.082668018 1.537602573 0.521231237 0.175601343 2.407514325 2.024231318     
12.19645062 2.023129696 6.525281378 4.280221744 3.765658191 0.874363448 1.311466827 1.003183776 1.512219712 8.01504158 1.009464113 1.131884648 6.101262713 0.735196267 2.442078098 14.9783912    
0 26.41555874 0.800744693 0 5.402962803 0 0 1.169478278 0 0.124583541 1.810479903 0 0.444545673 0.380922513 0 0.260619543 0.282975118   
0.097488787 0 0.554521098 1.15182774 10.75716902 0 0 0 17.70212382 0.345101659 0.376132898 4.568933997 1.539260995 7.122411988 0.394304793 3.970594765 0.587889975 0.459713713  
7.701149005 0 0.300031778 1.246424625 5.946832506 1.33667482 2.005016291 1.935372239 0.330275394 20.60943524 4.324626366 0.247207587 7.412262342 1.320241192 0.106672043 0.634738353 2.544686639 2.224880034 0.171196876 
                   
0.1051 0.0157 0.0185 0.0089 0.0219 0.0141 0.0097 0.0758 0.0168 0.1188 0.1635 0.0112 0.0333 0.0777 0.026 0.0568 0.0523 0.0223 0.0324 0.1195
